gamma headandshouler 1 780 1424 835 1484
gamma headandshouler 1 1807 729 2072 1020
gamma headandshouler 1 2997 1956 3052 2017
gamma headandshouler 1 2568 1852 2630 1920
gamma headandshouler 1 3100 819 3422 1174
gamma headandshouler 1 1250 850 1663 1304
gamma headandshouler 1 2558 1018 3085 1598
gamma headandshouler 1 2910 766 3008 874
gamma headandshouler 1 963 1288 1790 2198
gamma headandshouler 1 2676 776 2805 918
gamma headandshouler 1 3592 1186 3644 1243
gamma headandshouler 1 2513 380 2564 436
gamma headandshouler 1 259 1848 370 1970
gamma headandshouler 1 1941 1050 2422 1580
gamma headandshouler 1 2186 1198 2237 1254
gamma headandshouler 1 1106 1699 1240 1846
gamma headandshouler 1 2829 2145 3194 2547
gamma headandshouler 1 2135 1930 2202 2004
gamma headandshouler 1 1819 1337 2122 1671
gamma headandshouler 1 3039 2753 3083 2802
gamma headandshouler 1 1994 2234 2034 2278
gamma headandshouler 1 2525 1810 2597 1890
alpha face 1 1906 799 2008 901
alpha face 1 3217 885 3347 1015
alpha face 1 1375 933 1552 1110
alpha face 1 2743 1092 2964 1313
alpha face 1 2095 1116 2335 1356
alpha face 1 1268 1413 1633 1778
alpha face 1 1926 2007 1980 2061
beta eye 1 1957 821 1993 857
beta eye 1 1403 1616 1450 1663
beta eye 1 2869 1155 2917 1203
beta eye 1 2789 1157 2834 1202
beta eye 1 2524 430 2568 474
beta eye 1 1363 1674 1406 1717
beta eye 1 3241 921 3275 955
beta eye 1 2234 1186 2277 1229
beta eye 1 2148 1192 2191 1235
beta eye 1 2160 1448 2211 1499
beta eye 1 1459 965 1520 1026
beta eye 1 1366 1521 1419 1574
beta eye 1 1410 988 1444 1022
beta eye 1 2195 1188 2247 1240
beta eye 1 2113 1898 2203 1988
beta eye 1 1500 1549 1550 1599
beta eye 1 1450 1625 1494 1669
