gamma gamma 1 1348 1120 1625 1580
alpha alpha 1 1462 1155 1585 1278
beta beta 1 1484 1186 1516 1218
gamma gamma 1 2998 1136 3258 1711
alpha alpha 1 3090 1173 3192 1275
beta beta 1 3131 1202 3159 1230
gamma gamma 1 981 1170 1365 1693
alpha alpha 1 1072 1207 1203 1338
beta beta 1 1125 1244 1161 1280
gamma gamma 1 2185 1159 2528 1694
alpha alpha 1 2340 1210 2472 1342
beta beta 1 2373 1240 2416 1283
gamma gamma 1 -10 1165 377 1736
alpha alpha 1 102 1206 266 1370
beta beta 1 193 1250 235 1292
gamma gamma 1 968 1020 1358 1437
alpha alpha 1 1098 1048 1214 1164
beta beta 1 1145 1081 1177 1113
gamma gamma 1 2671 1152 3004 1739
alpha alpha 1 2817 1178 2954 1315
beta beta 1 2873 1217 2910 1254
gamma gamma 1 583 1125 1056 2002
alpha alpha 1 773 1175 933 1335
beta beta 1 849 1220 891 1262
gamma gamma 1 3652 1239 3981 1712
alpha alpha 1 3745 1271 3883 1409
beta beta 1 3801 1310 3839 1348
gamma gamma 1 1396 1283 2086 2267
alpha alpha 1 1618 1282 1778 1442
beta beta 1 1680 1327 1726 1373
gamma gamma 1 93 1325 877 2770
alpha alpha 1 370 1391 608 1629
beta beta 1 493 1446 555 1508
gamma gamma 1 3089 1374 3921 2489
alpha alpha 1 3324 1410 3479 1565
beta beta 1 3400 1448 3448 1496
gamma gamma 1 3356 1268 3894 2028
alpha alpha 1 3551 1407 3708 1564
beta beta 1 3638 1454 3673 1489
gamma gamma 1 2272 1352 3226 3009
alpha alpha 1 2486 1451 2686 1651
beta beta 1 2598 1510 2642 1554
gamma gamma 1 1334 978 1683 1298
alpha alpha 1 1493 1001 1597 1105
beta beta 1 1535 1031 1563 1059
