gamma person 0.992155 93 1325 877 2770
gamma person 0.992031 2185 1159 2528 1694
gamma person 0.989981 3089 1374 3921 2489
gamma person 0.985203 2272 1352 3226 3009
gamma person 0.979986 1396 1283 2086 2267
gamma person 0.974085 583 1125 1056 2002
gamma person 0.949192 2671 1152 3004 1739
gamma person 0.944903 2998 1136 3258 1711
gamma person 0.920722 1348 1120 1625 1580
gamma person 0.910028 968 1020 1358 1437
gamma person 0.909502 981 1170 1365 1693
gamma person 0.871623 3652 1239 3981 1712
gamma person 0.69547 -10 1165 377 1736
gamma person 0.679146 1334 978 1683 1298
alpha face 1 1462 1155 1585 1278
alpha face 1 3090 1173 3192 1275
alpha face 1 1072 1207 1203 1338
alpha face 1 2340 1210 2472 1342
alpha face 1 102 1206 266 1370
alpha face 1 1098 1048 1214 1164
alpha face 1 991 1435 1052 1496
alpha face 1 2817 1178 2954 1315
alpha face 1 773 1175 933 1335
alpha face 1 3745 1271 3883 1409
alpha face 1 1618 1282 1778 1442
alpha face 1 370 1391 608 1629
alpha face 1 2661 1411 2776 1526
alpha face 1 3324 1410 3479 1565
alpha face 1 3551 1407 3708 1564
alpha face 1 2486 1451 2686 1651
alpha face 1 1493 1001 1597 1105
alpha face 1 1576 2173 1645 2242
beta eye 1 1222 273 1254 305
beta eye 1 839 1421 893 1475
beta eye 1 3358 1442 3407 1491
beta eye 1 493 1446 555 1508
beta eye 1 751 1286 952 1487
beta eye 1 1484 1186 1516 1218
beta eye 1 1525 1182 1561 1218
beta eye 1 3400 1448 3448 1496
beta eye 1 2373 1240 2416 1283
beta eye 1 193 1250 235 1292
beta eye 1 2529 1509 2572 1552
beta eye 1 1507 1229 1545 1267
beta eye 1 849 1220 891 1262
beta eye 1 3638 1454 3673 1489
beta eye 1 2598 1510 2642 1554
beta eye 1 1680 1327 1726 1373
