gamma person 1 93 1325 877 2770
gamma person 1 2185 1159 2528 1694
gamma person 1 3089 1374 3921 2489
gamma person 1 2272 1352 3226 3009
gamma person 1 1396 1283 2086 2267
gamma person 1 583 1125 1056 2002
gamma person 1 2671 1152 3004 1739
gamma person 1 2998 1136 3258 1711
gamma person 1 1348 1120 1625 1580
gamma person 1 968 1020 1358 1437
gamma person 1 981 1170 1365 1693
gamma person 1 3652 1239 3981 1712
gamma person 1 -10 1165 377 1736
gamma person 1 1334 978 1683 1298
alpha face 1 1462 1155 1585 1278
alpha face 1 3090 1173 3192 1275
alpha face 1 1072 1207 1203 1338
alpha face 1 2340 1210 2472 1342
alpha face 1 102 1206 266 1370
alpha face 1 991 1435 1052 1496
alpha face 1 1098 1048 1214 1164
alpha face 1 2817 1178 2954 1315
alpha face 1 773 1175 933 1335
alpha face 1 3745 1271 3883 1409
alpha face 1 1618 1282 1778 1442
alpha face 1 370 1391 608 1629
alpha face 1 2661 1411 2776 1526
alpha face 1 3324 1410 3479 1565
alpha face 1 3551 1407 3708 1564
alpha face 1 1493 1001 1597 1105
alpha face 1 2486 1451 2686 1651
alpha face 1 1576 2173 1645 2242
beta nose 1 156 1284 192 1345
beta nose 1 1058 502 1115 597
beta nose 1 2206 1288 2239 1344
beta nose 1 3821 1289 3855 1346
beta nose 1 706 1552 756 1635
beta nose 1 2561 1556 2606 1630
beta nose 1 2268 1565 2307 1631
beta nose 1 1595 1323 1633 1386
beta nose 1 3793 1333 3828 1391
beta nose 1 1652 1295 1701 1376
beta nose 1 2379 1272 2415 1332
beta nose 1 2296 375 2577 843
beta nose 1 462 1507 502 1573
beta nose 1 930 1511 969 1576
beta nose 1 3162 1781 3254 1934
beta nose 1 1766 606 1815 687
beta nose 1 1107 618 1157 700
beta nose 1 105 1395 194 1543
beta nose 1 3183 2917 3216 2973
beta nose 1 1287 28 1452 302
beta nose 1 2070 1232 2208 1462
beta nose 1 66 311 140 434
beta nose 1 1714 28 2136 731
beta nose 1 1033 457 1186 711
beta nose 1 1671 1361 1706 1420
beta nose 1 910 1534 991 1670
beta nose 1 1210 629 1252 698
beta nose 1 2223 1167 2280 1262
beta nose 1 1146 623 1195 704
beta nose 1 2627 1602 2659 1656
beta nose 1 2961 1952 3020 2050
beta nose 1 3903 1393 3945 1463
beta nose 1 2442 217 2528 361
beta nose 1 632 1612 678 1689
beta nose 1 401 1432 450 1513
beta nose 1 854 1641 900 1717
beta nose 1 2804 1957 2839 2015
beta nose 1 490 1435 527 1497
beta nose 1 1798 1457 1838 1524
beta nose 1 760 1196 798 1260
beta nose 1 2806 1201 2843 1263
beta nose 1 1497 1210 1531 1267
beta nose 1 2225 1486 2262 1548
beta nose 1 3115 1220 3148 1275
beta nose 1 1137 1226 1171 1283
beta nose 1 185 1229 226 1297
beta nose 1 3382 1488 3418 1549
beta nose 1 3603 1483 3644 1550
beta nose 1 117 1233 158 1301
beta nose 1 2864 1240 2901 1301
beta nose 1 3402 2694 3445 2765
beta nose 1 3469 1234 3523 1323
beta nose 1 1610 1208 1657 1286
beta nose 1 2026 1684 2071 1759
beta nose 1 2511 1475 2559 1555
beta nose 1 2742 2118 2898 2376
beta nose 1 829 1251 866 1313
beta nose 1 486 2040 540 2130
beta nose 1 1110 1269 1143 1325
beta nose 1 2314 1503 2353 1568
beta nose 1 3766 1717 3800 1774
beta nose 1 3876 1728 3913 1791
beta nose 1 872 1739 905 1795
beta nose 1 54 1719 96 1789
beta nose 1 2153 1687 2222 1802
