gamma gamma 1 1807 729 2072 1020
alpha alpha 1 1906 799 2008 901
beta beta 1 1957 821 1993 857
gamma gamma 1 3100 819 3422 1174
alpha alpha 1 3217 885 3347 1015
beta beta 1 3241 921 3275 955
gamma gamma 1 1250 850 1663 1304
alpha alpha 1 1375 933 1552 1110
beta beta 1 1410 988 1444 1022
gamma gamma 1 2558 1018 3085 1598
alpha alpha 1 2743 1092 2964 1313
beta beta 1 2789 1157 2834 1202
gamma gamma 1 1941 1050 2422 1580
alpha alpha 1 2095 1116 2335 1356
beta beta 1 2195 1188 2247 1240
gamma gamma 1 963 1288 1790 2198
alpha alpha 1 1268 1413 1633 1778
beta beta 1 1366 1521 1419 1574
