gamma gamma 1 1348 1120 1625 1580
alpha alpha 1 1462 1155 1585 1278
beta beta 1 1497 1210 1531 1267
gamma gamma 1 2998 1136 3258 1711
alpha alpha 1 3090 1173 3192 1275
beta beta 1 3115 1220 3148 1275
gamma gamma 1 981 1170 1365 1693
alpha alpha 1 1072 1207 1203 1338
beta beta 1 1110 1269 1143 1325
gamma gamma 1 2185 1159 2528 1694
alpha alpha 1 2340 1210 2472 1342
beta beta 1 2379 1272 2415 1332
gamma gamma 1 -10 1165 377 1736
alpha alpha 1 102 1206 266 1370
beta beta 1 156 1284 192 1345
gamma gamma 1 968 1020 1358 1437
alpha alpha 1 1098 1048 1214 1164
beta beta 1 1136 1089 1164 1136
gamma gamma 1 2671 1152 3004 1739
alpha alpha 1 2817 1178 2954 1315
beta beta 1 2864 1240 2901 1301
gamma gamma 1 583 1125 1056 2002
alpha alpha 1 773 1175 933 1335
beta beta 1 829 1251 866 1313
gamma gamma 1 3652 1239 3981 1712
alpha alpha 1 3745 1271 3883 1409
beta beta 1 3793 1333 3828 1391
gamma gamma 1 1396 1283 2086 2267
alpha alpha 1 1618 1282 1778 1442
beta beta 1 1671 1361 1706 1420
gamma gamma 1 93 1325 877 2770
alpha alpha 1 370 1391 608 1629
beta beta 1 401 1432 450 1513
gamma gamma 1 3089 1374 3921 2489
alpha alpha 1 3324 1410 3479 1565
beta beta 1 3382 1488 3418 1549
gamma gamma 1 3356 1268 3894 2028
alpha alpha 1 3551 1407 3708 1564
beta beta 1 3603 1483 3644 1550
gamma gamma 1 1334 978 1683 1298
alpha alpha 1 1493 1001 1597 1105
beta beta 1 1527 1037 1552 1079
gamma gamma 1 2272 1352 3226 3009
alpha alpha 1 2486 1451 2686 1651
beta beta 1 2561 1556 2606 1630
